-0.030
0.000
-0.030
-0.030
-0.030
0.000
0.000
-0.030
-0.030
0.000
-0.030
0.000
-0.030
0.000
0.000
0.000
0.000
0.000
-0.030
-0.030
-0.030
-0.030
-0.030
-0.030
0.040
0.020
0.020
0.020
0.000
0.000
0.040
0.020
0.020
0.000
0.020
0.020
0.020
0.040
0.020
0.020
-0.190
-0.400
-0.220
-0.170
-0.170
-0.220
-0.190
-0.170
-0.110
-0.030
0.020
0.060
0.060
0.060
0.040
0.040
0.060
0.160
0.350
0.710
1.030
1.010
0.670
0.270
-0.030
-0.170
-0.300
-0.320
-0.340
-0.360
-0.300
-0.780
-0.510
-0.260
-0.170
-0.110
-0.090
-0.070
-0.050
-0.030
0.000
0.040
0.020
0.040
0.040
0.000
0.040
0.060
0.100
0.100
0.210
0.370
0.420
0.390
0.310
0.210
0.060
0.000
-0.130
-0.130
-0.170
-0.150
-0.150
-0.110
-0.070
-0.030
0.000
0.020
0.060
0.060
0.060
0.060
0.060
0.080
0.080
0.060
0.060
0.040
0.040
0.040
0.040
0.000
0.020
0.040
0.020
0.040
0.040
