-0.030
0.020
0.000
-0.030
0.000
-0.030
0.000
0.000
-0.030
0.000
0.000
-0.030
-0.030
0.020
-0.030
0.000
-0.030
0.000
0.000
0.000
-0.030
-0.030
-0.030
-0.030
0.000
0.000
0.000
0.000
0.000
-0.030
-0.030
0.000
0.000
0.000
-0.030
-0.550
-0.280
-0.190
-0.190
-0.240
-0.240
-0.220
-0.150
-0.090
-0.030
0.020
0.020
0.020
0.020
0.020
0.040
0.120
0.270
0.670
1.010
0.940
0.610
0.230
-0.050
-0.220
-0.300
-0.360
-0.360
-0.360
-0.300
-0.640
-0.570
-0.320
-0.190
-0.170
-0.110
-0.110
-0.070
-0.030
-0.050
0.000
0.000
0.040
0.000
0.040
0.020
0.020
0.040
0.100
0.210
0.390
0.460
0.460
0.350
0.210
0.100
0.020
-0.110
-0.150
-0.170
-0.150
-0.150
-0.130
-0.090
-0.050
0.020
0.040
0.060
0.080
0.080
0.080
0.100
0.100
0.060
0.060
0.080
0.060
0.080
0.060
0.060
0.040
0.040
0.040
0.040
0.040
0.060
0.060
0.040
0.040
0.060
0.040
0.040
