-0.030
0.000
0.020
0.000
0.000
0.020
-0.030
-0.030
0.020
0.020
0.000
0.000
0.000
0.020
0.000
0.000
0.000
0.020
0.000
0.020
0.040
0.000
0.020
0.000
0.000
-0.030
-0.030
-0.030
0.000
0.000
-0.030
-0.030
-0.030
0.000
0.020
-0.050
-0.490
-0.300
-0.220
-0.190
-0.220
-0.240
-0.190
-0.150
-0.110
-0.030
0.040
0.040
0.040
0.020
0.020
0.040
0.100
0.230
0.540
0.920
1.010
0.730
0.330
0.020
-0.170
-0.260
-0.340
-0.340
-0.320
-0.320
-0.490
-0.660
-0.320
-0.190
-0.130
-0.110
-0.090
-0.070
-0.030
-0.030
0.020
0.020
0.040
0.040
0.040
0.040
0.060
0.080
0.120
0.230
0.370
0.500
0.480
0.390
0.270
0.160
0.060
-0.070
-0.130
-0.170
-0.170
-0.170
-0.130
-0.070
-0.030
0.020
0.040
0.080
0.100
0.100
0.100
0.080
0.100
0.100
0.060
0.080
0.080
0.060
0.060
0.080
0.060
0.040
0.080
0.060
0.060
0.040
0.060
0.060
0.060
0.040
0.040
