0.040
0.020
0.000
0.000
0.020
0.040
0.020
0.020
0.020
0.020
0.020
0.000
0.000
0.020
0.020
0.020
0.020
0.000
-0.030
0.000
0.000
0.020
0.020
0.020
-0.030
-0.030
0.000
0.000
-0.030
0.000
0.000
0.000
0.000
0.000
0.000
-0.170
-0.450
-0.260
-0.190
-0.220
-0.260
-0.240
-0.190
-0.130
-0.070
0.020
0.040
0.060
0.020
0.000
0.020
0.060
0.140
0.330
0.750
1.030
0.900
0.540
0.160
-0.090
-0.220
-0.320
-0.340
-0.380
-0.340
-0.300
-0.700
-0.530
-0.320
-0.190
-0.150
-0.110
-0.090
-0.090
-0.050
-0.030
0.000
0.040
0.040
0.040
0.040
0.020
0.040
0.080
0.140
0.250
0.420
0.480
0.420
0.330
0.210
0.080
0.000
-0.090
-0.150
-0.190
-0.150
-0.130
-0.110
-0.050
0.000
0.020
0.040
0.060
0.080
0.080
0.080
0.100
0.100
0.080
0.080
0.080
0.060
0.060
0.080
0.080
0.060
0.080
0.040
0.040
0.060
0.060
0.040
0.060
0.040
0.060
0.040
