0.000
0.000
0.020
0.000
0.020
0.000
0.020
0.020
0.000
0.000
0.020
0.020
0.000
0.020
0.000
0.020
0.020
0.020
0.020
0.020
0.020
0.020
0.020
0.020
0.020
0.020
0.000
0.040
0.000
0.020
0.020
0.000
-0.030
0.020
0.000
-0.030
-0.510
-0.240
-0.190
-0.190
-0.240
-0.240
-0.190
-0.150
-0.050
0.000
0.060
0.040
0.060
0.040
0.060
0.080
0.120
0.310
0.710
1.050
1.030
0.670
0.250
-0.030
-0.170
-0.280
-0.320
-0.340
-0.320
-0.320
-0.660
-0.550
-0.300
-0.190
-0.130
-0.110
-0.050
-0.050
-0.030
0.020
0.000
0.060
0.080
0.100
0.040
0.060
0.060
0.120
0.140
0.250
0.420
0.520
0.480
0.390
0.250
0.120
0.040
-0.090
-0.150
-0.190
-0.170
-0.170
-0.130
-0.070
-0.030
0.020
0.060
0.060
0.080
0.080
0.100
0.100
0.060
0.080
0.060
0.080
0.060
0.080
0.080
0.060
0.040
0.080
0.060
0.060
0.040
0.040
0.020
0.060
0.020
0.040
0.040
