0.000
-0.030
0.000
0.020
0.020
-0.030
0.000
-0.050
0.000
0.020
0.020
0.020
0.020
0.020
0.020
0.020
0.040
0.040
0.020
0.040
0.020
0.060
0.060
0.020
-0.030
0.000
0.000
0.000
-0.030
0.020
0.000
-0.030
0.000
0.000
0.000
0.000
-0.530
-0.260
-0.170
-0.220
-0.220
-0.220
-0.170
-0.130
-0.050
0.020
0.060
0.060
0.040
0.040
0.040
0.080
0.120
0.270
0.580
0.900
0.840
0.480
0.140
-0.090
-0.170
-0.240
-0.280
-0.280
-0.260
-0.240
-0.190
-0.090
-0.030
0.020
0.060
0.080
0.080
0.080
0.080
0.040
0.080
0.080
0.060
0.080
0.060
0.040
0.020
0.040
0.060
0.100
-0.510
-0.300
-0.190
-0.170
-0.190
-0.240
-0.220
-0.150
-0.110
-0.050
0.020
0.040
0.040
0.020
0.060
0.080
0.160
0.390
0.710
1.030
1.090
0.750
0.310
-0.030
-0.260
-0.380
-0.430
-0.400
-0.400
-0.320
-0.220
-0.130
-0.050
0.000
0.060
0.080
0.100
0.100
0.120
0.100
0.100
