0.000
0.020
0.000
0.000
0.000
0.000
0.020
0.020
0.020
0.020
0.020
0.020
0.000
0.000
0.020
0.020
0.020
0.020
0.020
0.020
0.000
0.000
0.020
0.020
0.020
0.020
0.020
0.040
0.020
0.020
0.040
0.020
0.020
-0.260
-0.360
-0.190
-0.150
-0.190
-0.220
-0.220
-0.150
-0.070
0.000
0.020
0.060
0.080
0.060
0.060
0.060
0.100
0.180
0.390
0.770
0.960
0.820
0.420
0.100
-0.110
-0.220
-0.300
-0.280
-0.300
-0.280
-0.240
-0.170
-0.090
0.000
0.020
0.060
0.080
0.060
0.060
0.080
0.040
0.040
0.060
0.060
0.060
0.040
0.040
0.040
0.000
0.020
-0.190
-0.470
-0.260
-0.220
-0.190
-0.240
-0.260
-0.220
-0.150
-0.110
-0.030
0.000
0.000
0.020
0.000
0.000
0.080
0.180
0.460
0.820
1.090
1.030
0.610
0.160
-0.170
-0.360
-0.470
-0.470
-0.470
-0.400
-0.340
-0.240
-0.150
-0.070
0.000
0.040
0.060
0.080
0.080
0.080
0.080
0.080
0.060
0.060
