-0.030
-0.030
-0.030
0.020
0.000
0.000
0.000
0.000
-0.030
0.000
-0.030
-0.030
-0.050
-0.030
-0.030
-0.030
-0.030
0.000
0.000
0.000
-0.030
-0.030
-0.050
-0.050
0.000
0.000
-0.030
-0.030
0.000
0.000
-0.030
0.000
0.000
0.000
0.000
-0.030
0.040
0.000
-0.490
-0.320
-0.190
-0.170
-0.220
-0.240
-0.190
-0.170
-0.110
0.000
0.040
0.060
0.060
0.060
0.020
0.060
0.120
0.210
0.480
0.840
0.900
0.690
0.290
0.020
-0.150
-0.220
-0.280
-0.300
-0.260
-0.260
-0.220
-0.130
-0.070
0.020
0.040
0.080
0.060
0.060
0.080
0.080
0.060
0.060
0.080
0.080
0.060
0.060
0.060
0.040
0.040
0.060
-0.340
-0.340
-0.190
-0.190
-0.190
-0.190
-0.220
-0.170
-0.130
-0.090
-0.030
0.040
0.020
0.020
0.000
0.060
0.120
0.270
0.580
0.920
1.110
0.920
0.520
0.100
-0.170
-0.360
-0.400
-0.450
-0.400
-0.340
-0.280
-0.170
-0.110
0.000
0.040
0.080
0.100
0.080
0.080
