0.040
0.020
0.000
0.000
0.000
0.020
0.020
0.000
0.020
0.020
0.000
0.000
0.020
0.000
0.020
0.020
0.000
0.000
0.020
0.020
0.020
0.020
0.020
0.020
0.000
0.000
0.020
0.000
0.000
0.000
-0.030
0.020
0.000
0.000
-0.220
-0.430
-0.220
-0.170
-0.220
-0.220
-0.220
-0.190
-0.110
-0.030
0.040
0.040
0.080
0.060
0.020
0.040
0.060
0.120
0.310
0.690
0.960
0.860
0.520
0.160
-0.070
-0.190
-0.280
-0.300
-0.340
-0.280
-0.240
-0.170
-0.110
-0.030
0.040
0.040
0.060
0.080
0.080
0.080
0.080
0.060
0.080
0.060
0.060
0.080
0.060
0.060
0.040
0.040
-0.030
-0.470
-0.240
-0.190
-0.170
-0.220
-0.240
-0.220
-0.150
-0.110
-0.070
0.000
0.040
0.040
0.040
0.040
0.080
0.210
0.440
0.770
1.070
1.050
0.730
0.270
-0.110
-0.280
-0.400
-0.430
-0.430
-0.380
-0.300
-0.240
-0.130
-0.050
0.020
0.080
0.100
0.100
0.080
0.080
0.100
0.080
0.100
