0.000
0.020
0.020
0.000
0.000
0.000
0.020
0.040
0.020
0.020
0.020
0.000
0.020
0.020
0.020
0.000
0.000
0.020
0.020
-0.030
0.000
0.020
0.020
0.000
0.020
0.040
0.020
0.020
0.000
0.000
0.000
0.000
0.020
0.000
-0.400
-0.320
-0.190
-0.190
-0.220
-0.220
-0.220
-0.150
-0.090
0.000
0.040
0.060
0.040
0.040
0.020
0.060
0.100
0.210
0.480
0.820
0.940
0.730
0.330
0.020
-0.150
-0.240
-0.300
-0.320
-0.280
-0.300
-0.260
-0.170
-0.110
0.000
0.020
0.040
0.060
0.080
0.040
0.060
0.040
0.040
0.040
0.020
0.040
0.020
0.020
0.000
0.020
0.000
-0.320
-0.400
-0.260
-0.240
-0.220
-0.260
-0.280
-0.220
-0.190
-0.130
-0.050
0.000
0.000
-0.030
-0.030
-0.030
0.100
0.270
0.560
0.900
1.070
0.940
0.540
0.120
-0.190
-0.360
-0.450
-0.470
-0.450
-0.400
-0.320
-0.190
-0.110
-0.050
0.040
0.060
0.080
0.100
0.100
0.100
0.100
0.080
0.080
