0:0:2  389ms
0:0:2  424ms
-0.010
0.020
0.020
-0.010
-0.010
-0.010
0.020
-0.010
0.020
0.010
-0.020
0.010
-0.020
-0.020
-0.020
0.010
0.030
0.010
0.010
0.010
-0.020
0.010
0.010
-0.020
-0.040
0.010
0.010
-0.050
-0.030
-0.030
-0.030
0.000
0.000
-0.030
0.000
0.020
0.020
-0.030
0.000
-0.030
0.010
-0.010
-0.010
-0.010
0.010
-0.010
-0.010
0.010
-0.390
-0.370
-0.200
-0.160
-0.180
-0.180
-0.170
-0.150
-0.090
-0.020
0.060
0.080
0.040
0.080
0.060
0.080
0.080
0.100
0.210
0.330
0.420
0.330
0.210
0.050
-0.080
-0.120
-0.140
-0.120
-0.120
-0.100
-0.060
-0.010
0.010
0.030
0.030
0.030
0.050
0.050
0.050
0.030
0.050
0.050
0.030
0.050
0.050
0.010
0.010
0.010
0.030
0.010
-0.030
0.010
-0.010
0.010
0.030
0.010
-0.010
0.010
-0.030
-0.010
-0.020
0.000
0.000
-0.020
-0.020
-0.020
0.000
0.000
0.000
-0.020
0.000
0.020
0.000
0.000
-0.020
-0.020
0.000
-0.010
0.010
0.010
0.010
-0.010
0.010
-0.010
-0.010
-0.010
-0.010
-0.040
-0.010
-0.010
0.000
0.000
0.020
0.020
0.000
0.000
0.000
0.000
-0.030
-0.030
0.000
0.000
0.000
-0.030
0.010
0.010
0.010
0.010
-0.020
-0.020
-0.020
-0.020
0.010
0.010
0.010
-0.020
0.010
-0.020
-0.020
0.010
0.010
-0.030
-0.010
0.020
0.020
-0.010
0.020
-0.010
-0.010
0.020
-0.010
-0.030
-0.030
-0.010
-0.010
0.020
-0.010
-0.010
0.020
-0.010
0.020
-0.010
-0.010
-0.010
-0.010
-0.010
-0.010
0.020
-0.620
-0.320
-0.260
-0.240
-0.260
-0.240
-0.170
-0.150
-0.050
-0.030
0.020
0.030
0.050
0.090
0.070
0.130
0.260
0.430
0.490
0.470
0.400
0.280
0.070
-0.100
-0.160
-0.210
-0.180
-0.210
-0.170
-0.110
-0.050
-0.030
0.020
0.060
0.040
0.100
0.060
0.080
0.080
0.060
0.080
0.030
0.050
0.070
0.030
0.050
0.030
0.050
0.050
0.050
0.010
0.030
0.030
0.010
0.020
0.000
0.020
0.020
0.020
0.020
0.000
0.020
0.000
0.000
0.020
0.000
0.020
0.020
0.000
0.000
0.000
0.010
0.010
-0.010
-0.030
0.010
0.010
-0.010
0.010
-0.030
0.010
0.010
-0.010
-0.010
-0.010
-0.010
-0.010
-0.010
-0.010
-0.010
-0.010
-0.010
-0.010
-0.010
0.010
-0.030
-0.030
-0.010
-0.010
-0.030
-0.010
-0.060
-0.010
-0.010
0.010
-0.060
-0.030
-0.030
0.010
-0.020
0.000
0.000
0.000
0.000
-0.020
0.000
-0.020
-0.020
-0.020
0.000
-0.020
-0.020
-0.020
0.020
0.000
0.000
-0.010
-0.010
0.010
0.010
0.010
0.010
-0.010
-0.010
-0.010
-0.010
-0.010
-0.010
-0.010
-0.010
0.000
0.000
0.000
-0.030
-0.030
0.000
-0.030
0.020
0.000
-0.030
-0.030
