-0.030
-0.030
0.020
0.000
0.020
0.000
0.040
0.020
0.000
0.000
0.000
0.020
-0.030
-0.530
-0.300
-0.190
-0.190
-0.220
-0.220
-0.170
-0.130
-0.070
0.020
0.040
-0.530
-0.260
-0.190
-0.130
-0.070
0.000
0.120
0.390
0.670
0.750
0.460
0.120
-0.070
-0.170
-0.240
-0.260
-0.260
-0.240
-0.170
-0.130
-0.030
0.040
0.060
0.080
0.120
0.100
0.100
0.100
0.120
0.080
0.080
0.100
0.080
0.080
0.100
0.080
0.060
0.080
0.060
0.060
0.080
0.060
0.060
0.060
0.060
0.060
0.040
0.040
0.060
0.060
0.040
0.040
0.080
0.020
0.020
0.020
0.040
0.020
0.020
0.020
0.020
0.020
0.000
0.040
0.040
0.020
0.020
0.040
0.000
0.000
0.020
0.000
0.020
0.000
0.000
0.020
0.020
0.020
0.020
0.020
0.000
