-0.030
-0.030
0.040
0.020
0.020
0.020
0.040
0.020
0.040
0.020
0.020
0.020
-0.400
-0.300
-0.190
-0.150
-0.220
-0.190
-0.170
-0.130
-0.070
0.020
0.060
0.080
0.080
0.060
0.080
0.080
0.100
0.210
0.420
0.710
0.790
-0.050
-0.110
-0.220
-0.300
-0.320
-0.320
-0.300
-0.300
-0.240
-0.190
-0.130
-0.030
0.000
0.060
0.080
0.080
0.080
0.140
0.160
0.210
0.270
0.250
0.210
0.140
0.040
0.020
0.020
0.000
0.000
0.000
0.000
0.000
0.040
0.040
0.060
0.060
0.060
0.080
0.040
0.080
0.060
0.080
0.060
0.040
0.060
0.040
0.060
0.060
0.040
0.020
0.040
0.020
0.020
0.040
0.020
0.040
0.040
0.020
0.020
0.020
0.040
0.020
0.020
0.000
0.020
0.000
0.000
0.020
0.000
-0.030
0.000
0.020
