0.000
0.000
0.040
0.020
0.040
0.020
0.040
0.020
0.040
0.000
0.040
0.040
-0.220
-0.400
-0.190
-0.170
-0.190
-0.220
-0.190
-0.150
-0.090
0.000
0.060
0.080
0.080
0.080
0.080
0.100
0.080
0.160
0.310
0.580
0.790
0.670
0.390
0.100
-0.070
-0.190
-0.220
-0.240
-0.240
-0.190
-0.170
-0.640
-0.360
-0.190
-0.170
-0.110
-0.090
-0.070
-0.070
-0.070
-0.030
0.000
0.040
0.040
0.040
0.040
0.060
0.060
0.100
0.140
0.270
0.370
0.420
0.350
0.230
0.100
-0.030
-0.090
-0.110
-0.130
-0.150
-0.130
-0.070
-0.050
0.020
0.040
0.020
0.060
0.060
0.060
0.040
0.060
0.080
0.080
0.040
0.060
0.040
0.040
0.040
0.040
0.040
0.020
0.020
0.020
0.020
0.020
0.040
0.020
0.020
0.020
0.020
0.020
0.020
