0:0:0  008ms
0:0:0  021ms
0.000
0.000
0.000
0.020
0.020
0.020
0.000
0.000
-0.050
-0.030
0.020
0.020
0.020
0.020
0.000
0.000
0.020
0.000
-0.380
-0.340
-0.190
-0.170
-0.220
-0.220
-0.170
-0.150
-0.070
0.000
0.040
0.080
0.080
0.060
0.060
0.080
0.100
0.180
0.310
0.650
0.770
0.610
0.310
0.060
-0.110
-0.170
-0.220
-0.220
-0.220
-0.170
-0.150
-0.090
0.000
0.020
0.040
0.100
0.080
0.100
0.080
0.080
-0.130
-0.450
-0.220
-0.170
-0.150
-0.150
-0.170
-0.150
-0.130
-0.090
-0.050
0.000
0.020
0.060
0.060
0.080
0.080
0.100
0.210
0.370
0.580
0.750
0.790
0.560
0.250
-0.090
-0.190
-0.300
-0.320
-0.300
-0.280
-0.220
-0.130
-0.070
0.020
0.020
0.080
0.080
0.080
0.080
0.080
0.100
0.060
0.060
0.060
0.080
0.060
0.060
0.040
0.060
0.040
0.040
0.040
0.040
0.040
0.040
0.040
0.040
0.060
0.020
0.020
0.020
0.020
0.020
0.040
0.020
0.020
0.020
0.020
0.020
0.020
0.000
0.020
0.000
