0:0:0  008ms
0:0:0  021ms
0.020
0.020
0.020
0.020
0.000
0.040
0.020
0.020
0.020
0.020
0.020
0.020
0.000
0.000
-0.030
0.000
0.000
0.000
-0.240
-0.450
-0.220
-0.170
-0.170
-0.220
-0.170
-0.150
-0.110
-0.050
0.040
0.060
0.080
0.080
0.060
0.060
0.080
0.120
0.250
0.480
0.690
0.650
0.420
0.140
-0.030
-0.150
-0.170
-0.190
-0.170
-0.170
-0.170
-0.110
-0.070
0.020
0.060
0.080
0.060
0.080
0.040
0.080
0.080
0.040
0.040
0.060
0.060
0.060
0.040
0.060
0.060
0.040
-0.070
-0.510
-0.260
-0.170
-0.170
-0.190
-0.190
-0.170
-0.150
-0.090
-0.030
0.040
0.060
0.040
0.060
0.080
0.080
0.160
0.310
0.610
0.840
0.840
0.610
0.290
0.000
-0.190
-0.280
-0.320
-0.300
-0.280
-0.240
-0.170
-0.090
0.000
0.040
0.060
0.080
0.100
0.080
0.100
0.080
0.080
0.060
0.060
0.060
0.060
0.080
0.080
0.020
0.020
0.020
0.040
0.040
0.040
0.020
0.040
0.000
0.020
0.020
0.020
0.020
0.020
0.020
0.000
