0.020
0.020
0.000
0.020
0.020
0.000
0.040
0.040
0.020
0.020
0.020
0.000
0.020
0.000
0.000
0.020
0.020
0.000
0.020
0.020
0.000
0.040
0.020
0.020
0.040
-0.030
0.020
0.020
0.000
0.000
0.000
0.000
0.020
0.000
0.000
-0.240
-0.400
-0.220
-0.170
-0.190
-0.220
-0.240
-0.220
-0.190
-0.090
0.000
0.000
0.060
0.000
-0.030
0.000
-0.360
-0.280
0.040
0.370
0.790
1.030
0.820
0.390
0.120
-0.130
-0.240
-0.360
-0.380
-0.400
-0.360
-0.340
-0.300
-0.190
-0.150
-0.050
0.040
0.100
0.140
0.160
0.140
0.100
0.060
0.080
0.060
0.080
0.040
0.040
0.040
0.020
0.040
0.060
0.060
0.060
0.060
0.060
0.040
0.080
0.060
0.060
0.060
0.040
0.040
0.040
0.040
0.040
0.040
0.040
0.040
0.040
0.040
0.020
0.060
0.020
0.040
0.000
0.020
0.020
0.020
0.040
0.020
0.040
0.040
0.000
0.040
0.060
0.000
0.040
0.020
0.000
0.040
0.020
