-0.030
-0.030
0.000
-0.030
-0.030
-0.030
-0.030
0.000
-0.030
-0.030
0.000
-0.030
0.000
0.000
-0.030
0.020
0.020
-0.030
0.000
0.020
0.000
0.000
-0.030
-0.030
0.040
0.040
0.020
0.020
0.020
0.020
0.020
0.020
0.020
0.020
-0.190
-0.380
-0.220
-0.170
-0.190
-0.240
-0.190
-0.170
-0.130
-0.090
0.000
0.020
0.020
0.020
-0.030
0.020
-0.300
-0.220
0.180
0.630
1.030
0.980
0.650
0.230
-0.070
-0.240
-0.360
-0.400
-0.450
-0.470
-0.400
-0.320
-0.240
-0.150
-0.090
0.000
0.080
0.100
0.160
0.180
0.140
0.100
0.140
0.100
0.080
0.060
0.080
0.040
0.040
0.060
0.060
0.060
0.080
0.060
0.080
0.080
0.080
0.080
0.040
0.060
0.040
0.040
0.040
0.020
0.040
0.020
0.040
0.040
0.020
0.040
0.020
0.040
0.040
0.040
0.040
0.040
0.000
0.020
0.000
0.020
0.000
0.020
0.020
0.020
0.020
0.020
0.020
0.020
0.000
0.000
0.020
0.000
0.000
