-0.050
-0.030
-0.030
-0.030
-0.070
-0.030
0.000
-0.030
-0.030
0.000
-0.030
-0.030
0.000
-0.030
-0.030
-0.030
0.000
-0.030
-0.030
-0.030
-0.030
0.000
0.000
-0.030
0.020
0.000
0.000
0.020
0.020
0.020
0.020
0.020
0.000
0.040
0.000
-0.400
-0.280
-0.190
-0.190
-0.220
-0.220
-0.220
-0.150
-0.110
-0.050
0.040
0.020
0.020
0.040
0.020
0.060
-0.450
-0.070
0.370
0.790
1.030
0.820
0.460
0.120
-0.130
-0.260
-0.360
-0.400
-0.400
-0.400
-0.360
-0.260
-0.170
-0.110
0.020
0.080
0.120
0.180
0.230
0.210
0.140
0.140
0.100
0.100
0.100
0.080
0.080
0.080
0.080
0.080
0.080
0.100
0.080
0.100
0.080
0.080
0.080
0.080
0.060
0.080
0.080
0.120
0.080
0.020
0.060
0.060
0.040
0.060
0.060
0.020
0.060
0.060
0.060
0.080
0.060
0.020
0.040
0.040
0.040
0.040
0.020
0.040
0.020
0.020
0.040
0.020
0.020
0.020
0.020
0.000
0.020
0.040
