0.000
-0.030
0.000
0.000
0.000
0.000
0.000
0.020
0.000
0.000
-0.030
0.020
0.000
0.000
-0.030
0.000
0.000
0.000
-0.030
0.020
0.000
-0.030
0.000
0.020
0.000
0.000
-0.030
0.020
0.000
0.000
0.000
0.000
0.000
0.020
-0.090
-0.490
-0.240
-0.190
-0.220
-0.260
-0.220
-0.190
-0.170
-0.090
0.000
0.020
0.020
0.000
-0.030
0.000
-0.240
-0.300
0.060
0.540
0.940
0.960
0.630
0.230
-0.050
-0.220
-0.360
-0.400
-0.400
-0.450
-0.430
-0.360
-0.280
-0.170
-0.090
-0.030
0.100
0.140
0.160
0.180
0.140
0.100
0.100
0.060
0.060
0.060
0.040
0.060
0.040
0.040
0.060
0.040
0.060
0.060
0.060
0.060
0.060
0.060
0.060
0.040
0.080
0.040
0.040
0.060
0.060
0.060
0.060
0.040
0.060
0.060
0.060
0.060
0.040
0.060
0.020
0.040
0.040
0.020
0.040
0.040
0.060
0.020
0.020
0.020
0.040
0.040
0.040
0.040
0.020
0.020
0.040
0.040
0.020
