0.000
0.020
0.000
0.020
-0.030
0.000
0.000
0.000
0.000
0.020
0.000
0.000
0.000
0.000
0.020
0.020
0.000
0.000
0.020
0.000
0.000
0.020
0.020
0.020
0.020
0.020
0.000
-0.030
0.060
0.060
-0.530
-0.240
-0.190
-0.170
-0.220
-0.190
-0.190
-0.170
-0.130
-0.030
0.020
0.040
0.020
-0.030
0.000
-0.150
-0.400
-0.030
0.370
0.820
1.010
0.790
0.460
0.120
-0.130
-0.280
-0.360
-0.400
-0.380
-0.430
-0.380
-0.300
-0.240
-0.150
-0.050
0.060
0.120
0.230
0.230
0.180
0.100
0.080
0.080
0.060
0.020
0.020
0.040
0.040
0.020
0.040
0.020
0.020
0.060
0.040
0.060
0.080
0.060
0.060
0.040
0.060
0.060
0.040
0.040
0.040
0.040
0.040
0.040
0.060
0.060
0.040
0.020
0.040
0.040
0.040
0.000
0.020
0.020
0.020
-0.030
0.020
0.020
0.000
0.020
0.000
0.020
0.020
0.020
0.000
0.020
0.020
0.020
0.000
0.020
0.020
0.000
0.000
0.020
