0:0:0  000ms
0:0:0  009ms
0.040
0.060
0.040
0.040
0.060
0.040
0.060
0.040
-0.320
-0.300
-0.150
-0.110
-0.090
-0.030
-0.030
-0.030
0.020
0.060
0.100
0.160
0.210
0.140
0.140
0.120
0.080
0.080
0.060
0.040
0.060
0.060
0.040
0.040
0.060
0.040
0.080
0.080
0.040
0.100
0.060
0.040
0.080
0.060
0.060
0.080
0.080
0.080
0.100
0.060
0.060
0.060
0.060
0.060
0.060
0.060
0.080
0.060
0.060
0.040
0.080
0.080
0.060
0.100
0.060
0.040
0.060
0.060
0.040
0.080
0.080
0.060
0.060
0.040
0.040
0.080
0.060
0.060
0.060
0.060
0.040
0.060
0.060
0.020
0.060
0.080
0.040
0.080
0.060
0.060
0.060
0.060
0.060
