0:0:0  000ms
0:0:0  009ms
0.060
0.020
0.040
0.060
0.060
0.040
-0.110
-0.360
-0.190
-0.110
-0.070
-0.090
0.000
-0.030
0.000
0.080
0.120
0.160
0.180
0.180
0.120
0.120
0.100
0.060
0.040
0.060
0.060
0.060
0.060
0.020
0.060
0.080
0.040
0.060
0.080
0.080
0.040
0.080
0.060
0.080
0.080
0.060
0.080
0.100
0.040
0.080
0.080
0.060
0.080
0.080
0.020
0.080
0.060
0.040
0.080
0.060
0.040
0.080
0.080
0.060
0.060
0.060
0.040
0.080
0.060
0.060
0.060
0.060
0.060
0.080
0.080
0.020
0.080
0.060
0.040
0.080
0.040
0.040
0.060
0.080
0.040
0.080
0.060
0.060
0.080
0.040
0.040
0.060
0.060
0.060
0.080
