0:0:0  000ms
0:0:0  009ms
0.040
0.020
0.060
0.040
0.040
0.060
0.040
0.060
0.060
-0.450
-0.220
-0.110
-0.090
-0.070
-0.050
0.020
0.000
0.060
0.100
0.140
0.160
0.160
0.140
0.140
0.100
0.080
0.100
0.080
0.060
0.080
0.080
0.060
0.100
0.080
0.040
0.100
0.060
0.060
0.060
0.100
0.060
0.120
0.080
0.080
0.080
0.100
0.060
0.100
0.080
0.080
0.060
0.100
0.060
0.080
0.060
0.060
0.060
0.100
0.060
0.080
0.080
0.060
0.060
0.080
0.060
0.100
0.080
0.080
0.080
0.080
0.060
0.080
0.100
0.040
0.080
0.060
0.080
0.060
0.060
0.060
0.100
0.060
0.060
0.080
0.080
0.040
0.080
0.080
0.060
0.100
0.060
