0.000
0.000
0.020
0.000
0.000
0.000
0.000
0.020
0.000
0.000
0.000
0.000
0.000
0.000
0.000
0.000
0.000
-0.030
0.000
0.000
0.000
0.020
0.020
-0.030
0.000
0.000
-0.030
-0.030
-0.030
0.000
0.000
0.000
-0.030
0.020
-0.030
-0.490
-0.300
-0.220
-0.190
-0.190
-0.240
-0.220
-0.170
-0.110
-0.030
0.040
0.040
0.040
0.020
0.020
0.040
0.100
0.270
0.610
1.010
1.030
0.710
0.330
0.020
-0.170
-0.300
-0.340
-0.340
-0.320
-0.320
-0.280
-0.170
-0.110
0.000
0.040
0.060
0.080
0.080
0.100
0.080
-0.220
-0.340
-0.190
-0.170
-0.150
-0.150
-0.150
-0.190
-0.130
-0.090
-0.030
0.000
0.040
0.040
0.020
0.040
0.020
0.140
0.310
0.540
0.860
1.030
0.940
0.610
0.210
-0.110
-0.340
-0.400
-0.450
-0.450
-0.380
-0.300
-0.220
-0.130
0.000
0.060
0.100
0.100
0.120
0.120
0.100
0.120
0.120
0.100
0.080
0.080
0.060
0.080
0.080
0.080
0.060
0.060
