0.020
0.040
0.020
0.020
0.000
0.020
0.020
0.000
0.040
0.000
0.020
0.000
0.020
0.000
0.020
0.000
0.020
0.040
0.020
0.020
0.020
0.000
0.020
0.020
0.040
0.020
0.040
0.020
0.020
0.000
0.000
0.000
0.020
0.020
-0.510
-0.240
-0.170
-0.170
-0.220
-0.220
-0.190
-0.110
-0.050
0.020
0.060
0.080
0.040
0.040
0.040
0.100
0.140
0.330
0.690
1.070
1.050
0.710
0.310
0.000
-0.170
-0.300
-0.320
-0.360
-0.340
-0.300
-0.240
-0.170
-0.090
0.000
0.020
0.060
0.080
0.080
0.080
0.100
-0.400
-0.280
-0.170
-0.150
-0.150
-0.150
-0.170
-0.170
-0.130
-0.090
-0.030
0.000
0.020
0.020
0.020
0.020
0.040
0.120
0.270
0.560
0.840
1.010
0.960
0.630
0.230
-0.110
-0.320
-0.450
-0.490
-0.490
-0.430
-0.340
-0.260
-0.170
-0.050
0.020
0.060
0.080
0.080
0.120
0.100
0.100
0.080
0.080
0.060
0.080
0.060
0.040
0.040
0.060
0.040
0.040
0.040
