0.000
0.000
0.000
-0.030
0.020
-0.030
0.000
0.000
0.020
0.020
0.020
0.000
0.000
0.020
0.020
0.020
0.000
0.000
0.000
0.020
0.020
0.020
0.000
0.000
0.000
0.000
-0.030
0.020
0.020
-0.030
0.000
0.020
0.000
0.000
-0.240
-0.400
-0.220
-0.190
-0.220
-0.240
-0.220
-0.170
-0.110
-0.030
0.020
0.040
0.020
0.040
0.040
0.040
0.080
0.120
0.310
0.710
1.050
1.050
0.730
0.370
0.040
-0.170
-0.240
-0.340
-0.320
-0.320
-0.320
-0.300
-0.190
-0.130
-0.050
0.020
0.040
0.080
0.080
0.080
0.080
-0.450
-0.220
-0.170
-0.150
-0.150
-0.150
-0.170
-0.150
-0.130
-0.050
-0.030
0.040
0.040
0.040
0.020
0.040
0.060
0.100
0.250
0.460
0.690
0.840
0.880
0.750
0.520
0.230
-0.090
-0.260
-0.360
-0.430
-0.380
-0.360
-0.300
-0.240
-0.170
-0.090
0.020
0.040
0.060
0.080
0.080
0.100
0.100
0.100
0.080
0.080
0.080
0.080
0.060
0.040
0.060
0.080
