0.020
0.000
0.020
0.020
0.000
0.000
0.020
0.020
0.000
0.000
0.040
0.020
0.020
0.000
0.020
0.000
0.020
0.020
0.020
0.000
0.000
0.020
0.000
0.000
0.000
0.020
0.000
0.020
0.000
-0.030
0.020
0.020
0.020
0.000
0.020
-0.030
-0.320
-0.320
-0.170
-0.170
-0.220
-0.240
-0.220
-0.170
-0.130
-0.070
0.020
0.040
0.040
0.020
0.020
0.000
0.060
0.140
0.310
0.650
1.030
1.090
0.750
0.330
0.040
-0.150
-0.260
-0.340
-0.360
-0.340
-0.320
-0.260
-0.240
-0.190
-0.090
-0.050
0.020
0.040
0.040
0.040
-0.110
-0.470
-0.240
-0.170
-0.150
-0.130
-0.150
-0.170
-0.170
-0.130
-0.090
-0.070
-0.050
0.000
-0.030
0.020
0.000
0.040
0.060
0.140
0.330
0.520
0.690
0.690
0.650
0.480
0.270
0.080
-0.150
-0.220
-0.320
-0.340
-0.340
-0.320
-0.260
-0.220
-0.130
-0.090
-0.030
0.000
0.060
0.080
0.080
0.060
0.060
0.060
0.080
0.060
0.060
0.040
0.080
