-0.030
-0.030
0.000
0.000
-0.030
-0.030
-0.030
-0.030
-0.030
-0.030
-0.030
-0.030
0.000
-0.030
-0.030
-0.030
-0.050
0.000
-0.030
0.000
0.000
0.000
0.000
0.000
-0.030
0.000
0.000
0.000
-0.030
-0.030
0.020
-0.050
0.000
-0.030
-0.550
-0.260
-0.220
-0.190
-0.220
-0.260
-0.190
-0.170
-0.130
-0.050
0.000
0.020
0.040
0.000
0.000
0.020
0.060
0.180
0.460
0.880
0.820
0.440
0.230
-0.030
-0.220
-0.360
-0.450
-0.470
-0.450
-0.400
-0.340
-0.280
-0.190
-0.110
-0.050
0.000
0.020
0.040
0.080
0.120
0.160
0.250
0.270
0.230
0.180
0.080
0.060
0.040
0.020
-0.030
0.020
0.020
0.000
0.020
0.020
0.060
0.080
0.040
0.060
0.080
0.060
0.060
0.060
0.060
0.080
0.060
0.080
0.060
0.060
0.060
0.040
0.080
0.060
0.040
0.060
0.040
0.040
0.060
0.060
0.040
0.020
0.040
0.040
0.060
0.040
0.040
0.060
0.060
0.040
0.060
0.060
0.040
0.040
