0.000
0.000
0.000
0.020
0.000
0.040
0.020
0.000
0.000
-0.030
0.000
0.020
0.000
0.000
0.020
0.020
-0.030
0.020
0.040
0.000
0.020
0.000
0.000
0.020
0.000
-0.030
0.000
-0.030
-0.030
-0.030
0.000
0.000
0.000
-0.030
-0.220
-0.430
-0.240
-0.170
-0.220
-0.240
-0.240
-0.170
-0.130
-0.070
0.000
0.020
0.020
0.000
0.000
0.000
0.060
0.140
0.330
0.710
1.070
0.520
0.230
0.020
-0.190
-0.340
-0.450
-0.490
-0.490
-0.470
-0.400
-0.320
-0.220
-0.150
-0.070
0.000
0.040
0.040
0.080
0.120
0.180
0.250
0.270
0.250
0.210
0.140
0.080
0.060
0.040
0.000
0.020
0.000
0.020
0.020
0.020
0.040
0.060
0.040
0.040
0.080
0.060
0.080
0.080
0.080
0.080
0.080
0.080
0.060
0.060
0.060
0.040
0.080
0.060
0.080
0.080
0.060
0.040
0.060
0.060
0.040
0.040
0.040
0.040
0.060
0.040
0.060
0.040
0.060
0.040
0.040
0.060
0.040
0.060
