0.020
0.020
0.000
0.020
0.000
0.020
0.040
0.020
0.040
0.020
0.020
0.040
0.000
0.000
0.020
0.040
0.020
0.020
0.020
0.020
0.020
0.040
0.000
0.040
0.000
-0.030
-0.030
0.000
0.000
-0.030
0.020
-0.030
-0.030
-0.030
-0.030
-0.030
-0.030
-0.030
-0.030
0.000
-0.030
0.000
0.000
-0.030
-0.030
-0.030
0.000
-0.030
-0.380
-0.380
-0.220
-0.170
-0.240
-0.260
-0.260
-0.220
-0.130
-0.070
0.000
0.040
0.040
0.020
0.000
0.020
0.060
0.180
0.460
0.880
1.110
0.290
0.120
-0.090
-0.260
-0.380
-0.490
-0.470
-0.470
-0.470
-0.400
-0.300
-0.220
-0.110
-0.050
0.000
0.060
0.080
0.100
0.120
0.230
0.270
0.270
0.230
0.160
0.080
0.040
0.040
0.000
0.000
0.000
0.000
0.020
0.020
0.040
0.040
0.060
0.060
0.060
0.080
0.080
0.060
0.080
0.080
0.080
0.080
0.060
0.060
0.060
0.060
0.080
0.060
0.060
0.080
0.060
0.060
0.040
0.060
0.040
