0.020
0.020
0.000
0.020
0.020
0.000
0.000
0.000
0.020
0.020
0.000
0.000
0.000
0.040
0.020
0.000
0.000
0.040
0.020
0.020
0.000
0.020
0.000
0.040
0.060
0.020
0.060
0.020
0.040
0.040
0.040
0.020
0.020
0.000
-0.030
-0.490
-0.240
-0.170
-0.170
-0.240
-0.220
-0.150
-0.130
-0.050
0.040
0.060
0.060
0.040
0.000
0.040
0.080
0.120
0.330
0.750
1.090
0.690
0.210
-0.030
-0.170
-0.320
-0.400
-0.470
-0.490
-0.430
-0.430
-0.320
-0.190
-0.130
-0.050
0.020
0.060
0.080
0.100
0.140
0.210
0.230
0.270
0.250
0.180
0.120
0.100
0.060
0.020
0.020
0.000
0.000
0.020
0.020
0.020
0.020
0.020
0.040
0.060
0.040
0.060
0.060
0.080
0.060
0.060
0.060
0.060
0.060
0.060
0.060
0.040
0.040
0.040
0.060
0.040
0.040
0.040
0.020
0.020
0.020
0.020
0.020
0.040
0.040
0.020
0.040
0.000
0.020
0.040
0.020
0.000
0.000
0.020
