-0.030
0.000
0.020
0.020
0.000
0.000
-0.030
-0.030
-0.050
0.000
0.000
-0.030
0.000
0.000
0.020
0.000
0.020
0.000
-0.030
-0.050
-0.030
-0.050
-0.030
-0.030
-0.050
0.020
-0.030
0.000
-0.030
0.000
-0.030
-0.030
-0.030
0.000
0.000
-0.300
-0.380
-0.240
-0.190
-0.240
-0.280
-0.220
-0.190
-0.130
-0.070
0.000
0.020
0.020
0.020
0.000
0.020
0.060
0.160
0.420
0.860
1.090
0.370
0.120
-0.130
-0.280
-0.380
-0.450
-0.490
-0.490
-0.430
-0.380
-0.280
-0.190
-0.130
-0.050
0.040
0.020
0.080
0.120
0.120
0.210
0.270
0.250
0.250
0.180
0.120
0.040
0.060
0.040
0.020
0.020
-0.030
0.000
0.020
0.020
0.040
0.040
0.040
0.080
0.060
0.080
0.080
0.080
0.060
0.060
0.080
0.080
0.060
0.060
0.040
0.060
0.060
0.080
0.080
0.060
0.040
0.060
0.060
0.060
0.060
0.060
0.040
0.040
0.040
0.020
0.060
0.040
0.060
0.040
0.060
0.040
0.040
